speclite/data/filters/ukidss-Y.ecsv
# %ECSV 1.0
# ---
# datatype:
# - {name: wavelength, unit: Angstrom, datatype: float64}
# - {name: response, datatype: float64}
# meta:
#   __serialized_columns__:
#     wavelength:
#       __class__: astropy.units.quantity.Quantity
#       unit: !astropy.units.Unit {unit: Angstrom}
#       value: !astropy.table.SerializedColumn {name: wavelength}
#   airmass: 1.3
#   band_name: Y
#   description: Total transmission including correction for the wavelength shifts induced by cooling to operating temperature (120K)
#     the 10-degree angle of incidence of the beam on the filter, quantum efficiency and the effect of 1.0mm water vapour, 1.3 airmass.
#   group_name: UKIDSS
#   url: http://svo2.cab.inta-csic.es/theory/fps/
# schema: astropy-2.0
wavelength response
9635.0 0.0044
9640.0 0.0044
9645.0 0.0053
9650.0 0.0058
9655.0 0.0067
9660.0 0.0074
9665.0 0.0077
9670.0 0.0091
9675.0 0.0103
9680.0 0.0116
9685.0 0.0127
9690.0 0.0145
9695.0 0.0162
9700.0 0.0181
9705.0 0.0199
9710.0 0.0228
9715.0 0.0256
9720.0 0.0283
9725.0 0.0314
9730.0 0.0354
9735.0 0.0392
9740.0 0.0422
9745.0 0.047
9750.0 0.0525
9755.0 0.0578
9760.0 0.0616
9765.0 0.0679
9770.0 0.0752
9775.0 0.0812
9780.0 0.0867
9785.0 0.0903
9790.0 0.0983
9795.0 0.1011
9800.0 0.1088
9805.0 0.1111
9810.0 0.1181
9815.0 0.1216
9820.0 0.125
9825.0 0.1278
9830.0 0.1306
9835.0 0.1332
9840.0 0.136
9845.0 0.1373
9850.0 0.1389
9855.0 0.1409
9860.0 0.1422
9865.0 0.1434
9870.0 0.1442
9875.0 0.1451
9880.0 0.1463
9885.0 0.1474
9890.0 0.1483
9895.0 0.1491
9900.0 0.15
9905.0 0.1512
9910.0 0.1522
9915.0 0.1532
9920.0 0.1543
9925.0 0.1554
9930.0 0.1562
9935.0 0.1576
9940.0 0.1588
9945.0 0.1599
9950.0 0.1611
9955.0 0.1622
9960.0 0.1634
9965.0 0.1646
9970.0 0.1656
9975.0 0.1668
9980.0 0.1677
9985.0 0.1688
9990.0 0.1697
9995.0 0.1705
10000.0 0.1714
10005.0 0.1723
10010.0 0.173
10015.0 0.1736
10020.0 0.1739
10025.0 0.1747
10030.0 0.1753
10035.0 0.1757
10040.0 0.1759
10045.0 0.1763
10050.0 0.1766
10055.0 0.1768
10060.0 0.177
10065.0 0.1771
10070.0 0.1772
10075.0 0.1773
10080.0 0.1772
10085.0 0.1773
10090.0 0.1772
10095.0 0.177
10100.0 0.1772
10105.0 0.1772
10110.0 0.1771
10115.0 0.1771
10120.0 0.1769
10125.0 0.1769
10130.0 0.1769
10135.0 0.1768
10140.0 0.1768
10145.0 0.1767
10150.0 0.1767
10155.0 0.1766
10160.0 0.1767
10165.0 0.1767
10170.0 0.1767
10175.0 0.1767
10180.0 0.1768
10185.0 0.1769
10190.0 0.1769
10195.0 0.1768
10200.0 0.1771
10205.0 0.1771
10210.0 0.1773
10215.0 0.1774
10220.0 0.1775
10225.0 0.1776
10230.0 0.1777
10235.0 0.1778
10240.0 0.1778
10245.0 0.1781
10250.0 0.1783
10255.0 0.1784
10260.0 0.1785
10265.0 0.1787
10270.0 0.1788
10275.0 0.1788
10280.0 0.1791
10285.0 0.1792
10290.0 0.1793
10295.0 0.1794
10300.0 0.1795
10305.0 0.1797
10310.0 0.1798
10315.0 0.1799
10320.0 0.1801
10325.0 0.1802
10330.0 0.1803
10335.0 0.1804
10340.0 0.1805
10345.0 0.1807
10350.0 0.1808
10355.0 0.1809
10360.0 0.1811
10365.0 0.1812
10370.0 0.1813
10375.0 0.1815
10380.0 0.1816
10385.0 0.1818
10390.0 0.1819
10395.0 0.1821
10400.0 0.1822
10405.0 0.1824
10410.0 0.1826
10415.0 0.1827
10420.0 0.1829
10425.0 0.1831
10430.0 0.1832
10435.0 0.1834
10440.0 0.1835
10445.0 0.1837
10450.0 0.1838
10455.0 0.184
10460.0 0.1841
10465.0 0.1842
10470.0 0.1844
10475.0 0.1845
10480.0 0.1846
10485.0 0.1846
10490.0 0.1847
10495.0 0.1847
10500.0 0.1847
10505.0 0.1848
10510.0 0.1849
10515.0 0.1848
10520.0 0.1848
10525.0 0.1848
10530.0 0.1848
10535.0 0.1847
10540.0 0.1847
10545.0 0.1846
10550.0 0.1845
10555.0 0.1845
10560.0 0.1844
10565.0 0.1843
10570.0 0.1842
10575.0 0.1841
10580.0 0.1841
10585.0 0.184
10590.0 0.1839
10595.0 0.1839
10600.0 0.1839
10605.0 0.1839
10610.0 0.1839
10615.0 0.184
10620.0 0.184
10625.0 0.1841
10630.0 0.1842
10635.0 0.1843
10640.0 0.1844
10645.0 0.1846
10650.0 0.1848
10655.0 0.185
10660.0 0.1852
10665.0 0.1854
10670.0 0.1856
10675.0 0.1857
10680.0 0.1856
10685.0 0.1859
10690.0 0.186
10695.0 0.1858
10700.0 0.1856
10705.0 0.1854
10710.0 0.1848
10715.0 0.1841
10720.0 0.183
10725.0 0.1819
10730.0 0.1803
10735.0 0.1787
10740.0 0.1762
10745.0 0.1734
10750.0 0.1704
10755.0 0.1674
10760.0 0.1634
10765.0 0.1592
10770.0 0.1544
10775.0 0.1486
10780.0 0.1441
10785.0 0.1386
10790.0 0.1326
10795.0 0.1263
10800.0 0.1197
10805.0 0.1133
10810.0 0.1069
10815.0 0.1002
10820.0 0.0943
10825.0 0.0884
10830.0 0.0826
10835.0 0.076
10840.0 0.0712
10845.0 0.0658
10850.0 0.0612
10855.0 0.0565
10860.0 0.0518
10865.0 0.0477
10870.0 0.0441
10875.0 0.0406
10880.0 0.0374
10885.0 0.0344
10890.0 0.0316
10895.0 0.029
10900.0 0.0268
10905.0 0.0244
10910.0 0.0227
10915.0 0.021
10920.0 0.0193
10925.0 0.0175
10930.0 0.0163
10935.0 0.0151
10940.0 0.0139
10945.0 0.0128
10950.0 0.0118
10955.0 0.011
10960.0 0.01
10965.0 0.0094
10970.0 0.0088
10975.0 0.0081
10980.0 0.0075
10985.0 0.007
10990.0 0.0065
10995.0 0.006
11000.0 0.0056
11005.0 0.0052
11010.0 0.0048
11015.0 0.0046
11020.0 0.0042
11025.0 0.004
