speclite/data/filters/vista-Z.ecsv
# %ECSV 1.0
# ---
# datatype:
# - {name: wavelength, unit: Angstrom, datatype: float64}
# - {name: response, datatype: float64}
# meta:
#   __serialized_columns__:
#     wavelength:
#       __class__: astropy.units.quantity.Quantity
#       unit: !astropy.units.Unit {unit: Angstrom}
#       value: !astropy.table.SerializedColumn {name: wavelength}
#   airmass: 1.0
#   band_name: Z
#   description: Includes mirror, ccd QE and atmosphere model (1.0)
#   group_name: VISTA
#   url: http://svo2.cab.inta-csic.es/theory/fps/
# schema: astropy-2.0
wavelength response
7980.0 0.0
7990.0 0.0
8000.0 0.000432775735
8010.0 0.00049599415233684
8020.0 0.00062173433084211
8030.0 0.00068582356838947
8040.0 0.00075026113402105
8050.0 0.00087774295294737
8060.0 0.00094305133878947
8070.0 0.0010717523060105
8080.0 0.0012011499294
8090.0 0.0013312442089579
8100.0 0.0015891686355263
8110.0 0.0018484863744316
8120.0 0.0023009426461895
8130.0 0.0027558372145368
8140.0 0.0035344870874211
8150.0 0.0050261301192632
8160.0 0.0067196198860632
8170.0 0.0090700251202105
8180.0 0.012407371031758
8190.0 0.017260568777
8200.0 0.024294719533263
8210.0 0.034312856139326
8220.0 0.047995057880137
8230.0 0.073730583324632
8240.0 0.099007563015789
8250.0 0.12971124386316
8260.0 0.16727684600883
8270.0 0.21142450348688
8280.0 0.25973641270882
8290.0 0.31244402829676
8300.0 0.36750119394837
8310.0 0.44072179164131
8320.0 0.49261457192492
8330.0 0.53747181126987
8340.0 0.57381440019547
8350.0 0.60001275774853
8360.0 0.61632794017841
8370.0 0.62459467803018
8380.0 0.6276938583006
8390.0 0.62682088663563
8400.0 0.62676087515984
8410.0 0.62703733296366
8420.0 0.62827513246064
8430.0 0.6308281593346
8440.0 0.63456736429023
8450.0 0.63950162969368
8460.0 0.64543032795829
8470.0 0.65327091456856
8480.0 0.6587562130916
8490.0 0.66137594479368
8500.0 0.66731561852289
8510.0 0.66882196958296
8520.0 0.67032762398685
8530.0 0.67169047013612
8540.0 0.67233962334031
8550.0 0.67326951646058
8560.0 0.67419592630001
8570.0 0.6750471004032
8580.0 0.67553480980025
8590.0 0.67681005456628
8600.0 0.67830038253447
8610.0 0.68022470851591
8620.0 0.68229567436089
8630.0 0.68451432505369
8640.0 0.68797627963398
8650.0 0.69056919320353
8660.0 0.69331327490173
8670.0 0.69591559332955
8680.0 0.69911178610137
8690.0 0.70120765740438
8700.0 0.70300955232411
8710.0 0.70429280863607
8720.0 0.70549995839159
8730.0 0.70655594001845
8740.0 0.70678728933537
8750.0 0.70776089450026
8760.0 0.7088814878568
8770.0 0.70992440718051
8780.0 0.71149240918153
8790.0 0.71328681504744
8800.0 0.71500615934116
8810.0 0.71680178435537
8820.0 0.71844589291284
8830.0 0.71993744002933
8840.0 0.72135183560511
8850.0 0.72291844429379
8860.0 0.72456150786701
8870.0 0.72651248094688
8880.0 0.7285419988798
8890.0 0.73072790986263
8900.0 0.73299375901084
8910.0 0.73603913511204
8920.0 0.73839014734689
8930.0 0.74058824981267
8940.0 0.74294518362496
8950.0 0.744364804122
8960.0 0.744713051853
8970.0 0.743017425066
8980.0 0.742180757556
8990.0 0.74102493765
9000.0 0.739785360897
9010.0 0.73772512527401
9020.0 0.73300105813787
9030.0 0.73939225332546
9040.0 0.75246742530349
9050.0 0.7536762797632
9060.0 0.75328086954403
9070.0 0.73955401890413
9080.0 0.74379385932501
9090.0 0.74759924936896
9100.0 0.74877477407289
9110.0 0.74911553742371
9120.0 0.7489077916491
9130.0 0.74606259699123
9140.0 0.74332641591494
9150.0 0.75200147889438
9160.0 0.74257156839622
9170.0 0.75214820898086
9180.0 0.74236994201971
9190.0 0.74613492158229
9200.0 0.73949832273492
9210.0 0.71193862130759
9220.0 0.68764539651362
9230.0 0.66195559533924
9240.0 0.58755980800638
9250.0 0.54190356647134
9260.0 0.4936503058819
9270.0 0.38847707586931
9280.0 0.33193144556285
9290.0 0.28119260110178
9300.0 0.18801262835422
9310.0 0.14641211547141
9320.0 0.11021768567659
9330.0 0.086873874159904
9340.0 0.050493210080958
9350.0 0.03939931836522
9360.0 0.030048225330725
9370.0 0.018380814010329
9380.0 0.014454567169632
9390.0 0.012052342892691
9400.0 0.0077054030731497
9410.0 0.005847188167088
9420.0 0.0044637947742515
9430.0 0.0031284049212754
9440.0 0.001714789709664
9450.0 0.0012927593133473
9460.0 0.00081250346308583
